55033 59.3301577 18.0580794811 5811
10259 32.8974616458 -97.040348053 4083
14470 33.6386325813 -84.4371414185 3420
9246 30.2636079743 -97.7395677567 3402
10190 33.9435379571 -118.4071683884 3398
22831 41.9780286285 -87.9036712646 3121
11319 47.443414388 -122.3025512695 2453
23372 36.0848987512 -115.1490783691 2275
46077 55.6092325881 13.0011928082 1980
23524 33.4357390069 -112.0011520386 1854
12505 40.7745781069 -73.8720059395 1680
23261 40.6438845363 -73.7828063965 1654
12802 38.9523338696 -77.4479484558 1325
18643 35.2201261779 -80.9439504147 1270
153505 30.2811204101 -97.7452111244 1257
23275 41.7874410169 -87.744884491 1201
9227 30.2685191842 -97.7361774445 1200
14710 37.7858259859 -122.4065190554 1176
52957 55.6295949992 12.6490831375 1144
21714 30.2679095833 -97.7493124167 1116
11844 40.7568799674 -73.9862251282 1089
24963 40.6912468675 -74.1795158386 1089
58920 59.3202014462 18.0711686611 1088
9225 30.2662396721 -97.7459084988 1061
70584 59.2991079848 18.0807602406 1056
33472 37.3664565757 -121.9263339043 1037
17831 30.2670273144 -97.7445030212 1028
24767 39.1798446122 -76.6709661484 1021
9326 30.2700851599 -97.7360540628 1016
9223 30.2668906357 -97.7456858754 994
74453 59.3309348109 18.0592489243 994
26106 32.844584573 -96.8498468399 980
14045 32.7318769977 -117.2019767761 969
9724 33.8120650319 -117.9190063477 937
631060 25.794790919 -80.2793312073 937
9362 32.7515678196 -97.0830059052 935
10377 37.8196620833 -122.4785041667 930
9430 30.3073646792 -97.7399325371 901
84628 59.2712864608 17.9168558121 901
9066 32.7944177569 -96.8000006676 861
43638 30.255337127 -97.7626669407 841
45241 50.9434487518 6.9581651688 837
60049 55.5396565654 13.3664989471 803
211530 60.2889952 5.22699654 801
25071 30.3153949668 -97.7340263128 784
9313 30.2686964002 -97.7456147969 782
11591 30.4015818147 -97.7265161276 757
623366 40.7503537066 -73.9929306507 754
23519 13.6898969614 100.7483196259 754
50402 59.4033032267 17.9442358017 754
17159 37.7141770694 -122.2108411789 753
28227 50.1065840626 8.6623978615 753
76469 59.3330963993 18.0690443516 752
30432 47.3781778812 8.5394239426 749
9221 30.2675137962 -97.741265595 737
155746 13.7466594192 100.5349123478 732
259919 29.6540457668 -95.2766990662 731
9306 38.89774647 -77.0062637329 721
53626 35.6587171676 139.7014510632 719
9249 30.2672543395 -97.739444375 706
69960 59.3321661123 18.0738508701 705
12824 30.2850209029 -97.7335059643 703
26919 30.4076913248 -97.7133786678 701
22370 33.6791130406 -117.8612744808 692
11368 30.2493640765 -97.7494704723 683
23253 50.0462266848 8.5734558105 683
33793 37.7847236986 -122.3951625824 673
87294 59.3322427251 18.0619204044 671
59342 48.3539105721 11.7866134644 667
14242 30.26230215 -97.7614974833 627
84045 57.7082971979 11.9690895081 623
36242 37.7842234243 -122.4032306671 620
99630 33.8065023658 -117.9191994667 619
26910 30.2525429523 -97.7470135689 613
19959 38.7423688309 -90.365896225 612
10279 30.4077699756 -97.7132874727 598
9371 30.2680373406 -97.7493202686 586
76014 50.897078391 4.4770145416 584
76698 59.2935257762 18.0828523636 582
73362 59.3343166783 18.0627036095 580
31286 59.3627482553 17.9964208603 576
16135 35.4772813 -97.51275975 574
140363 30.272031012 -97.7541106939 573
293641 30.2694643323 -97.7499103546 573
30427 52.0895469163 5.1101016998 571
8947 37.3318803266 -122.0296311378 570
27488 50.8296860784 -0.1413202286 569
9114 37.7879542018 -122.4075329304 565
18415 30.2581590238 -97.8077495098 561
17888 34.1961143486 -118.3539104462 555
71505 55.552354541 12.9866981506 548
23829 51.5283769781 -0.1335203648 547
14046 48.1403751627 11.5590333939 541
9337 30.2665917953 -97.7367460728 540
22036 51.5318410147 -0.1264071465 537
25400 35.5006877 -97.5208235333 535
25673 51.1569542702 -0.1756095886 532
27153 53.4772048738 -2.2303748131 532
9411 30.2576215259 -97.8069019318 525
89501 64.7073981833 21.1262198 523
24650 35.4749801667 -97.5195946333 515
9789 35.0435246498 -89.9816322327 511
44946 51.2205399148 6.7939281464 511
9263 30.2637747742 -97.7706599236 510
9056 32.9438112506 -97.1304541826 510
69761 59.3350389753 18.0740869045 504
18655 51.4717336662 -0.4898357391 502
90963 58.7847737044 16.9218635559 502
70108 51.0355111437 3.7105250359 501
18568 30.2695755256 -97.7495133877 500
54811 52.3770663001 9.7420835495 491
287998 24.9602264241 46.7025375366 491
60530 55.5946070533 13.0129784346 490
12677 32.7770125833 -96.75970315 486
11086 30.4589939 -97.79158115 484
225806 36.1074733783 -115.1771664619 484
13452 30.2672803333 -97.7389025667 482
113425 59.3213838698 18.0730032921 482
9153 37.759688872 -122.4271774292 481
73120 59.3308253598 18.0717802048 480
74436 53.6330646043 10.0064569781 479
23090 51.5144113683 -0.1419210434 476
68926 58.8822882 5.6290378833 475
22292 49.1950263618 -123.177895546 474
15255 30.2955357104 -97.7416491508 470
18449 37.7893447162 -122.4014818668 470
67657 59.3315586759 18.0673384666 467
21134 30.2155034833 -97.83969615 465
14608 37.7826046833 -122.4076080167 462
40392 42.947941619 -87.9032850266 460
15023 37.7824215609 -122.3925822973 458
25678 51.5173808167 -0.0814617333 458
25510 30.4017692003 -97.7263069153 457
11352 30.131826522 -98.0130377412 456
17208 30.2691029532 -97.7493953705 456
66418 59.3311591847 18.0566847324 455
28301 28.3760241544 -81.54941082 450
2269750 47.4522660914 8.5618257523 450
123535 30.26280055 -97.7250684167 448
25161 39.712733056 -86.2996673584 446
24501 35.4792595713 -97.5214129686 444
469822 38.693281158 -121.5904140472 441
64755 59.3354220053 18.0634009838 434
9356 33.0942740441 -96.8207073212 432
12344 30.2490698167 -97.7500471473 432
9251 30.2663323362 -97.7448141575 431
11875 40.750613794 -73.993434906 430
81621 59.278182312 18.0150461197 430
66110 35.6286632585 139.7393345833 429
15372 30.261599404 -97.7585805953 428
66626 18.4374157482 -66.004679203 425
9340 30.2640736232 -97.7426227927 424
56314 30.3892482768 -97.741574049 424
68132 51.2172605689 4.4206345081 422
66475 48.119909414 16.5608811378 421
9382 30.2638859739 -97.7379798889 419
9254 30.2621994311 -97.7390956879 418
49904 30.2510314833 -97.754092 416
9197 32.8976418136 -97.04433918 414
9229 30.2695119333 -97.73607015 413
19264 51.5160805241 -0.1763820648 411
13299 30.2444426402 -97.7519488335 410
46120 52.5576728143 13.2863330841 407
60746 50.8355000649 4.3359518051 407
107377 32.8977138806 -97.036678791 406
12164 40.7792090733 -73.9630508423 405
17004 30.2561088167 -97.74634525 405
188617 63.4534630782 10.9167194366 405
9310 32.9046410512 -97.0359814167 403
51719 35.8410817637 -78.6803913116 403
23249 49.0133294077 2.5409317017 402
85830 30.2607051484 -97.7378162742 400
10577 30.2954757167 -97.7842640833 397
11934 30.31104325 -97.74291515 395
11794 40.705823135 -73.9966964722 394
24386 40.4958522503 -80.25349617 394
34055 37.7486019785 -122.3866948485 394
59935 30.3706522167 -97.7275386667 394
85306 59.3431692287 18.0491638184 393
12525 40.7613333866 -73.9775025845 392
32332 51.92476389 4.4689893723 392
14698 28.4167488086 -81.5812432766 391
39340 58.4161222106 15.626013279 391
12313 40.7484436586 -73.9857316017 390
22535 30.2798881558 -97.7198159695 390
62102 59.3143379885 18.0735611916 389
79536 59.3120602197 18.0737543106 388
191696 39.8586771211 -104.6737217903 387
9260 30.2619802833 -97.7295041 386
79326 56.0431328167 12.6935584833 385
18452 30.2628017711 -97.7621519566 384
105828 39.969317432 -83.0042785406 383
20585 41.8787000494 -87.6396560669 383
337866 48.7845440549 9.182574749 381
15478 30.2702114098 -97.7497132123 378
28529 41.4115138761 -81.839196682 377
79920 59.3357284263 18.0733144283 376
43631 37.7849695949 -122.4070286751 375
9175 37.4448394667 -122.16142415 373
41716 30.2455174333 -97.7574526833 373
44781 33.6406512507 -84.4358432293 371
159297 50.0505532401 8.5717391968 371
357486 59.4448787489 18.0713295937 367
180328 30.2676481574 -97.7409410477 366
103606 51.4513459655 7.0147490501 365
103961 51.4295979641 6.7756891251 365
73136 59.5218423278 17.8996253014 365
10526 30.2836404612 -97.7325296402 363
42503 40.7380593525 -73.6121481657 363
72320 45.4638705699 -73.8318157196 363
304062 34.1898004 -84.7747787833 361
9316 30.2673794348 -97.7364751697 361
441884 59.3144474928 18.032759428 361
27235 36.0919648559 -115.1748490334 359
66094 59.3321496952 18.0560517311 359
9184 38.8894587026 -77.0352530479 358
9338 30.26676535 -97.7454042333 356
44959 51.5178898198 7.4592876434 356
29226 37.4221203 -122.1379674333 354
9763 47.6207801622 -122.3492968082 353
14151 40.7587125693 -73.9785754681 353
76720 59.3143817903 18.0737328529 353
81178 21.2909338305 -157.8434300423 353
27305 30.2689639609 -97.7405011654 352
672328 30.268471 -97.744632 352
69401 59.3073727922 18.0747199059 351
274072 57.6341510948 18.2799732685 351
88356 30.2693092936 -97.7541061894 351
10466 39.9560697701 -75.181889534 350
69098 59.3369595539 18.0728316307 350
78459 59.3374136919 18.0741941929 350
19261 51.5310134076 -0.12342453 349
110766 57.7084457833 11.99162005 347
30905 30.41858617 -97.74769485 346
74015 29.7810656452 -95.5408859253 346
133063 37.6133560422 -122.3849487305 345
60989 59.3335834217 17.9802203178 345
84253 59.3183291915 18.07477355 344
24503 30.2692861999 -97.7424112033 342
11073 30.4228806333 -97.70012855 341
10863 32.7070090903 -117.157087326 339
63572 59.3357448416 18.1017780304 338
10669 30.2957788809 -97.7409169078 337
16793 33.6407762995 -84.439201355 337
33940 30.279980807 -97.7427220345 337
43418 30.2626535031 -97.7440309525 336
429187 49.1912682439 16.6135007143 335
106840 40.735844095 -73.9903879166 334
23835 51.5054970412 -0.0869196653 334
657091 30.2752369509 -97.7713036537 334
62033 59.3429996403 18.0496895313 332
365256 44.9819967666 -93.2775735855 332
9510 30.270083 -97.750427 331
18686 30.27765235 -97.7514181667 331
91109 33.8102484333 -84.3720077167 331
32074 37.7814657086 -122.3987731615 327
63575 32.98256999 -97.160290039 327
92816 35.6461191 139.7489111833 327
28788 41.8947664136 -87.623847127 326
9884 34.0734129064 -118.2402169704 325
17417 40.645919692 -73.7779355049 325
68425 30.3004453226 -97.7196979523 325
162344 33.9461902696 -118.4011816978 324
66134 60.3158983465 24.9692630768 324
10516 30.4472400501 -97.7870857716 323
29798 36.1022117465 -115.174612999 322
42732 50.9130048125 4.4303011894 322
22163 30.4145713182 -97.7466259042 321
60208 59.3323685887 18.0645704269 321
19684 30.301744476 -97.744897306 320
14554 30.3307521333 -97.73175715 319
17045 42.3462225998 -71.0977756977 319
10508 30.4318392167 -97.73581265 318
85855 59.3362318261 18.0677247047 318
607595 39.2481285833 -77.2699423 317
9625 37.769873014 -122.4668392539 317
12896 39.9058682041 -75.1665902138 314
43073 30.2627183704 -97.7503716946 314
15678 30.2795831833 -97.7594679667 313
53758 49.4456818768 11.0828983784 313
29367 51.8844914955 0.245475769 312
44844 34.7284400306 -92.2205471992 312
21192 30.2554899167 -97.7193788 311
67957 33.81394865 -117.9246920333 311
10741 30.5273336844 -97.6305413246 310
33380 41.88242247 -87.640568018 310
130689 51.3452902842 12.3813772202 309
9529 30.2780520833 -97.77145385 308
114163 36.0680762656 -115.1762866974 308
11793 41.8826079333 -87.6233696833 306
136926 35.4656683821 139.6221113205 305
97570 57.7380380511 12.1055603027 305
78480 57.6518077476 11.9123125076 303
22363 51.4645421925 -0.170545578 301
40564 33.8141482833 -117.9246720333 301
62389 59.3324670903 18.0707609653 301
210176 37.7825583 -122.4001254333 299
823939 59.9046206667 10.7622236333 297
4992438 30.2674906304 -97.7704024315 297
49946 36.0955886975 -115.1758038998 296
11365 30.3079146406 -97.7505500615 295
492127 30.2666751927 -97.7454793453 295
11862 29.7570381263 -95.3553414345 294
14737 30.3899645667 -97.7330875333 294
62599 59.267607737 17.910182476 294
14637 34.0430230998 -118.2671570778 293
19017 -37.6688750839 144.8472583294 293
15653 30.2602348501 -97.7509617805 292
78290 30.269767797 -97.7482661605 292
84108 59.3363686182 18.0680572987 291
16652 40.018909623 -105.2753520012 290
74662 59.3284884932 18.0246055126 290
10059 30.3877437 -97.73916005 289
62084 59.3405487203 18.0587983131 288
80273 52.4776704473 -1.8988752365 288
188705 37.7740454991 -122.4135088921 288
20063 30.2620048281 -97.7416920662 287
11358 30.2671515833 -97.7360916 286
186920 41.8825183235 -87.6404929161 286
11012 38.8725586819 -77.0078086853 285
26751 35.4634313607 -97.5149703026 285
157360 32.8599697549 -117.2200655937 285
22907 30.3967166039 -97.7444386482 284
448516 40.7572294253 -73.9907848835 284
11405 30.2638149167 -97.728796 283
59559 45.4577583 -73.7500316 283
74164 39.2946699535 -94.7190999985 283
399939 30.2635801743 -97.7277445793 283
76018 59.3105051167 18.0293798447 282
77600 59.3107241496 18.0243587494 282
298129 36.0933578833 -115.2216296667 282
1215303 21.6773248651 39.1477310658 281
74763 59.2427234348 18.0916285515 281
10130 37.8247770415 -122.3138004541 280
46934 38.1826087343 -85.7400512695 280
57561 30.2889675619 -97.7364563942 280
9412 30.2636861667 -97.8157854 279
11559 37.7565550667 -122.4211692667 279
16907 40.74137425 -73.9881052167 279
79573 47.3802556584 8.5367953777 278
14177 43.6453534486 -79.3805766106 277
16008 37.7858090278 -122.4010634422 277
120908 25.2511005377 55.3585195541 277
84887 59.3264032377 18.1042671204 277
9423 30.2844250167 -97.7192044167 276
16500 34.0085313891 -118.4983634949 276
105504 57.6058136089 12.0461976528 275
31324 30.2695945667 -97.7481275333 275
18231 35.5250490195 -97.5444102287 274
419157 41.9762898736 -87.9013967514 273
74543 53.9579793587 -1.0935473442 273
127179 13.81609195 100.56073129 272
99483 30.2655910207 -97.7404367924 272
9453 30.2955079 -97.7428507667 271
20456 30.2648496997 -97.7312850952 271
101267 37.8122746 -122.3627126 269
76008 59.334644997 18.0534768105 268
36320 30.291223386 -97.7415043116 266
81515 59.3369540823 18.017052412 266
17645 45.5230556045 -122.6812309027 264
16516 30.2634181234 -97.7575966669 263
29906 32.7797428489 -96.76227808 263
90953 59.3349979361 18.0739635229 263
105966 63.7931485351 20.2892804146 262
25108 59.3610205051 17.9708862305 262
689421 30.2646273022 -97.7419817448 262
91999 30.3221650901 -97.7152132988 262
12808 37.7842569333 -122.4021577833 261
27916 37.7677503825 -122.3939002925 261
9127 37.8083207137 -122.4157217145 260
87653 49.8018210765 9.9358248711 260
17710 40.7422010764 -73.9879953861 259
9907 41.8917036129 -87.6074802876 258
10332 37.3327163487 -121.9011855125 257
50782 30.2666937255 -97.7435481548 257
17173 38.8912749963 -77.0260047913 256
17465 32.89374865 -97.1044327833 256
399760 35.5085267776 139.6762919426 256
28498 37.3938209861 -122.0789247751 255
41928 36.1271558633 -115.1706540585 255
799639 56.6794072518 16.3927817345 255
9074 37.784698261 -122.4076884985 254
15750 30.4053132648 -97.8743433952 254
9518 34.0175879 -118.4870553 253
73227 57.7063426472 11.9806981087 253
95596 59.3273227362 18.0343794823 253
18200 33.4360971365 -111.9980835915 252
269349 30.2633670407 -97.7493095398 252
11824 40.7810613694 -73.9737582207 251
12174 40.7742937388 -73.9708399773 251
29293 30.2657278333 -97.7435846833 251
12171 40.7750859041 -73.9687532187 250
943988 51.512126 -0.123628 249
45672 30.3371208944 -97.7566618892 249
788604 59.9172594854 10.7621309763 249
13339 30.2703917 -97.7509832333 248
48533 39.5490592621 2.733707428 248
94760 37.76711715 -121.9835252333 248
608105 30.248923845 -97.7496260405 247
99869 55.5652182865 12.9760980606 247
822363 51.8900512722 -0.4843620007 246
11381 30.3159570667 -97.73368835 245
113198 59.2998365078 18.0293691158 245
42260 48.1368883985 11.5744936466 245
615007 59.3295994826 18.0923902988 244
10290 42.354452937 -71.065557003 243
130586 42.3620321401 -71.0188007355 243
95490 55.94544605 -3.3613284333 243
700158 30.2625330352 -97.7395784855 242
132921 30.2912431068 -97.7051075876 241
10392 32.9530727833 -96.8187546667 240
30463 42.2415107056 -83.7484648125 240
51856 30.2702612148 -97.7500927448 240
52741 36.0161119694 -114.7371339798 240
498041 30.2550730045 -97.761926651 240
16204 38.8882603408 -77.019867897 239
145788 32.7526487167 -97.6948743833 239
84707 59.3359855988 18.0733036995 239
13215 37.4223555227 -122.0880496502 238
185125 57.7013268219 11.9740998745 238
10676 30.26773095 -97.7454900667 237
12207 33.0988399983 -96.8111801147 237
37735 37.8023377167 -122.3733680833 237
8964 39.0410529489 -94.5947393775 236
22071 30.26175155 -97.7618140833 236
33485 30.2667493237 -97.7498245239 236
143970 55.8585989642 -4.2570197582 236
84434 59.329867647 18.0712223053 236
100515 57.7057809094 11.9695615768 235
24457 30.2699924993 -97.7542555332 235
141092 62.4468326833 17.3374872 235
41104 53.3781830155 -1.4621257782 235
709919 30.2643400382 -97.7413809299 234
13719 30.2674412667 -97.7473139667 234
17808 51.5080396385 -0.1280969381 234
19812 40.7342344305 -74.1645169258 234
34397 33.8465561804 -84.363090992 234
1322453 32.910404677 -96.805848197 233
33720 37.82065765 -122.3346048667 233
12349 40.7698736895 -73.9752173424 232
40822 36.1124833031 -115.1711153984 232
51484 32.73676545 -97.3271131167 232
9618 30.2667975333 -97.7452325667 231
12855 33.8001102021 -117.8829145432 231
42740 30.2276513659 -97.7605855465 231
365671 30.4015306966 -97.7244800755 231
449690 59.3044108051 18.1202636923 230
151760 51.1110530706 -0.1901686192 230
790918 59.3325655916 18.0524146557 230
123505 43.1550700087 -77.6188963652 229
27473 38.7736253842 -9.1341018677 229
73202 59.4280211125 17.9509413242 229
73825 56.8987324363 14.5575928688 229
75739 42.7901178777 -86.1054110527 229
692344 30.2635709077 -97.7326261997 229
9248 30.2652388939 -97.7391815186 228
11835 40.7532308669 -73.982180357 228
11362 30.2671301333 -97.7381086333 228
17216 37.7773888296 -122.3951518536 228
27469 35.7299660517 139.7111284733 228
80617 59.3390715178 18.0728530884 228
10672 30.2679777 -97.7500391 227
214128 44.85561022 -93.2369971275 227
48043 34.097590747 -118.3280968666 227
69967 59.3185536485 18.0590128899 227
100345 59.2675145302 17.9098713398 226
9186 38.8976379211 -77.0365941525 226
9758 47.6100256583 -122.3426234722 226
211912 13.7456589513 100.5296123028 226
475384 33.29982155 -111.8418986333 226
93562 30.2671570431 -97.739149332 226
19192 32.8159002167 -96.7703469 223
19762 40.7250228232 -73.9991104603 223
35760 34.8508699505 -82.3998427391 223
68771 30.2641408061 -97.741445303 223
95717 59.3197361294 18.0685186386 223
9234 30.2738332073 -97.740495801 222
35000 30.2651181167 -97.7478270833 222
58039 36.8456481833 -76.22901835 222
12936 33.0321337402 -96.8311464787 221
100644 45.425036944 -75.6918901205 220
9256 30.2580106167 -97.7397394167 220
9730 37.3311352667 -122.0317769 220
15881 36.0990996765 -115.1751065254 220
77964 59.3141518305 18.0712330341 220
49458 35.6118483681 -97.5583791733 219
16000 37.785102377 -122.4004902459 218
20843 30.2789801689 -97.7423036098 218
322849 35.0355221517 -85.306198597 218
26432 35.6540881897 -97.5484013557 218
332495 60.3996528482 5.3083705902 218
66239 59.3080025659 18.0763614178 218
81570 59.3197908729 18.0733144283 218
13075 30.2606611305 -97.7468311787 217
25399 37.3695091644 -121.9295632839 217
39011 37.8310564523 -122.2919726372 217
689928 42.348775864 -88.0730903149 217
9883 41.8788598144 -87.6358687878 216
11601 41.8301289642 -87.6342594624 216
16696 32.7063861753 -117.1615934372 216
20127 34.055806101 -118.2357430458 216
33987 30.4683307696 -97.8036135435 216
646896 24.7220265732 46.775021553 216
60220 47.5472192053 7.5889348984 216
64464 30.3153185571 -97.7338814735 216
471200 30.17211269 -95.4749464989 216
13469 30.2714843241 -97.7416706085 215
23541 30.2017409921 -97.8774952432 215
95017 59.3390824603 18.0560410023 215
1098520 54.3272233794 10.1158869267 215
10746 37.7513378048 -122.2011208534 214
24734 35.328711141 -97.4934053421 214
27727 32.7354870066 -117.150349617 214
39440 37.3314799167 -122.0306735 214
53235 37.3924678132 -122.0407998562 214
156866 57.7716396677 14.1757965088 214
58651 55.6045600407 13.0029094219 214
85520 59.3183072932 18.0698919296 214
17186 38.8912415936 -77.0300924778 213
26257 37.3212981167 -121.947861 213
28665 35.6807948322 139.7672080994 213
258281 59.9122432795 10.7523250744 213
10716 47.6640470212 -122.2980424762 212
18266 30.2748674667 -97.7516181167 212
1146800 24.8124952667 46.6834616167 212
572035 59.3360512596 18.0704391003 212
74522 59.3359527684 18.0790650845 212
75514 30.162883346 -97.7937054634 212
15357 30.29611945 -97.8324151 211
229418 33.9418290408 -118.3995723724 211
742256 18.3912357667 -66.0830630667 211
89252 59.2988231446 18.0804920197 211
3213861 57.70050047 11.966817283 210
215693 21.3419674969 -157.9380905628 210
31083 35.6196893612 139.7285413742 210
38449 30.2937038167 -97.7417999 210
1043651 54.3135630028 10.1411640644 209
88905 55.573686642 12.833404541 209
89177 37.0851474735 -94.5138251781 209
9226 30.2663601354 -97.7427971363 208
13496 41.7257740314 -71.4352297783 208
22199 30.2666937255 -97.7457904816 208
132085 34.0151232 -118.4956101167 208
37532 32.93105605 -96.8196565667 208
73407 30.2794862333 -97.7599647667 208
15079 40.7423961659 -74.0075433254 207
26915 35.8377158494 -78.6760568619 207
127619 59.3198510906 18.0732178688 207
73154 59.2960786958 18.0819511414 207
77344 29.7484841 -95.3779695333 207
91040 59.3359691836 18.0758786201 207
15556 52.2266822217 5.1812875271 206
23741 40.763608741 -73.9729428291 206
241204 29.9867392118 -95.3455352783 206
45896 33.8095511795 -117.9189741611 206
46746 34.1557846449 -118.2554111566 206
71807 59.3461122727 18.0714261532 206
101710 37.426615702 -122.1727752686 205
15988 37.61566805 -122.3932706 205
20536 51.5098726246 -0.1345422864 205
24861 38.9620547201 -95.2329796294 205
68461 59.3444766719 18.0582511425 205
84597 59.3415130686 18.0525711453 205
9952 41.879578752 -87.6228868961 204
415478 39.8537354929 -104.673807621 204
23188 35.6084676167 -97.6196871833 204
23527 39.5059758981 -119.7758865322 204
29049 33.0993751229 -96.8121929354 204
40692 35.9957702167 -78.9000897667 204
67412 55.6108505779 12.9937255383 204
1082830 59.9031111632 10.7622671127 204
204086 59.3360348444 18.0751597881 203
23438 37.7735302833 -122.42579775 203
10496 37.3940532605 -122.0761084557 202
47374 48.993664522 8.4016656876 202
69228 55.5954800107 13.0019330978 202
99095 30.2671848421 -97.7500927448 202
9332 32.8222185776 -96.7874264717 201
24587 30.2769881276 -97.7508974075 201
69240 59.3246517431 18.0997180939 201
77815 59.336062203 18.0728638172 201
9739 32.9339471634 -97.2540450096 200
721826 59.3226757299 18.0672848225 200
47117 37.7480208675 -122.459127903 200
54412 33.6406735809 -84.4326728582 200
72286 59.3333371753 18.0761790276 200
73889 56.1577523408 13.7630367279 200
274192 30.2804903873 -97.7388596535 200
186235 29.4250954687 -98.4908437729 200
187546 35.9705049175 -86.8089459617 200
97894 57.6969753891 11.9615793228 200
406522 58.6042202866 16.1804580688 199
11404 33.8117820043 -117.9220962524 199
17537 30.9650614244 -95.8803892136 199
229292 32.8680263076 -96.7680716515 199
39442 39.7486582959 -105.0075817108 199
56433 57.777789902 11.8645906448 199
60525 55.5934915795 13.0139064789 199
68682 35.4934460667 -97.52529865 199
318404 35.5160111108 -97.6172590256 198
25818 37.77960855 -122.39513925 198
152880 37.786591218 -122.403858304 198
465171 13.9037494 100.52847206 198
69621 29.5909430167 -95.6252291833 198
372590 30.3240358214 -81.667342186 198
782559 39.04877805 -95.7318054167 198
93066 48.8618209601 2.3346805573 198
94515 49.2752668671 -123.1235325336 198
95585 24.7009836667 46.70515055 198
22086 30.2654334905 -97.755907774 197
70132 34.1120888074 -118.3391046524 197
100617 57.6863038532 11.9417846203 196
105786 58.38872115 13.8516113667 196
11348 30.3959022416 -97.7489340305 196
17600 30.2369534281 -97.7494597435 196
20995 51.5033065875 -0.1194870472 196
24799 29.768021187 -95.3806775808 196
25965 51.1265829888 -114.0171432495 196
1139167 59.3354767236 18.0561053753 196
46243 30.3541088 -97.7273484333 196
53485 30.2341262875 -97.8287029266 196
108872 59.4028554308 17.9424118996 195
10755 30.2859010401 -97.7312636375 195
12373 39.0513851526 -94.4804906845 195
58981 40.051697856 -82.9163503647 195
194208 50.8604757019 4.3606925011 195
14044 30.2690473563 -97.7432477474 194
25285 48.8601269497 2.3368263245 194
127306 47.3900331891 8.4921956062 194
132152 33.75592355 -84.3227872333 194
408896 60.1929613971 11.0968673229 193
13729 30.33723235 -97.8038334833 193
21206 37.7814778333 -122.3924510833 193
22579 31.335789 -94.7446485333 193
28228 30.2924994167 -97.73571675 193
35909 47.60279565 -122.33878285 193
247851 45.4638780947 -73.8313865662 193
149024 13.75646251 100.56614553 193
60114 59.3135495474 18.0441856384 193
12333 35.1996927629 -97.4434947968 192
44991 51.1541818349 4.4069981575 192
57301 56.2872621371 12.8678119183 192
81007 50.9045077906 5.4887974262 192
9116 37.7906504193 -122.4055776 191
10195 37.79762505 -122.4065995167 191
13195 31.7959625907 -106.394777298 191
27281 30.295243905 -97.7842721343 191
36169 -33.8689635094 151.2067115307 191
1364814 37.61467 -122.3851 191
1596124 57.68510955 11.9450505 191
514611 51.5284770985 -0.1335096359 190
18328 30.27055195 -97.7483066333 190
23068 33.6496364349 -117.7427530289 190
30778 37.4606202793 -122.1382498741 190
571397 51.1623909167 0.8677418667 190
786844 59.9314523071 10.7107901573 190
8995 32.8380763882 -96.7751848698 189
10475 30.2509617667 -97.75437355 189
10740 30.2673979674 -97.7493417263 189
24986 30.3237125167 -97.7274703833 189
26749 35.4651877773 -97.5076746941 189
344706 18.39249306 -65.97488754 189
68901 59.3429504048 18.0816936493 189
9240 30.2718293667 -97.7533221167 188
9363 32.7569635363 -97.071762085 188
22749 30.2368731833 -97.7909384167 188
124201 57.7055401619 11.9693899155 188
54137 32.9856295 -96.7506916 188
61016 59.3383766634 17.9392790794 188
671606 30.2635153076 -97.7401685715 188
79971 59.628169743 17.8616130352 188
380697 39.9839600595 -82.7718544006 188
85369 59.3146500748 18.0322659016 188
690202 59.30225525 15.1979944333 188
209161 39.1021134685 -94.5817302971 187
12431 35.47769665 -97.5140476167 187
114035 26.19147165 -80.1386757833 187
16605 36.8984642995 -76.2048840523 187
17003 36.0809449235 -115.1468467712 187
17029 28.4855534391 -81.4316189289 187
17329 51.47069346 -0.45792812 187
237812 32.8383828785 -97.2506117821 187
41277 34.7442472 -92.2738444 187
155090 55.5816740973 13.0316948891 187
560128 21.5473712415 39.1385579109 187
61501 30.2638211074 -97.741574049 187
63530 50.9310828819 5.3274893761 187
76104 59.3424471046 18.1116700172 187
87790 50.0528679247 8.5702800751 187
38885 43.0283687909 -87.9713058472 186
44366 37.3299181972 -121.9024085999 186
80555 59.3313452497 18.0929267406 186
10191 37.8007900667 -122.4100112833 185
25388 35.4743013033 -97.5720691681 185
929552 -33.9632058248 150.9572660923 185
31505 27.7682981735 -82.6533865929 185
84477 59.3295994826 18.075428009 185
100802 50.0510492533 8.5854721069 184
303024 32.89628985 -97.0965578 184
9623 37.7709861237 -122.4689340591 184
10360 37.8066646012 -122.4285936356 184
11433 30.2307271833 -97.8179097167 184
712502 30.2893937174 -97.7411663532 184
16481 40.8514833821 -73.9520859718 184
216354 47.4100765399 8.2238996029 184
41334 52.0810554712 4.323656559 184
61929 37.449377991 126.4505767822 184
170250 35.2198882723 -80.9448494641 184
73220 59.3330909271 18.0768120289 184
14873 28.4206835947 -81.5828955173 183
19596 30.2916171077 -97.8250229359 183
27309 30.2386589424 -97.7551782131 183
38469 42.3600502192 -71.0562443733 183
80513 59.3158764913 18.0324375629 183
182800 30.2706689196 -97.741638422 183
103702 59.3095523073 18.0563950539 182
1129418 57.7072294175 11.9696331254 182
35298 55.60318423 13.0033171177 182
97009 30.2670597466 -97.7445405722 182
103988 36.1362053501 -86.8009304548 181
23847 51.4587066417 -0.9717321396 181
235477 32.1570129348 -80.7648544312 181
56407 51.4491261645 -2.5801992416 181
4997564 30.2666103281 -97.7646839619 181
9542 37.4178905947 -122.0255327225 180
10075 38.6246409299 -90.185008049 180
10756 30.2839739925 -97.7363705635 180
11071 36.1248420622 -115.1718986034 180
127830 52.0292807514 8.5327291489 180
33037 30.5413800213 -97.8201627731 180
649000 59.8603459801 17.6281638659 180
58289 37.7854104 -122.3994687 180
672473 30.2635153076 -97.7401685715 180
288065 18.7688396132 98.9758300781 180
11438 30.24805425 -97.7502751333 179
15906 32.9657550091 -97.0425796509 179
21554 28.4826018156 -81.4274346828 179
350847 24.7580943522 46.7337584496 179
677315 30.4589581939 -97.7493524551 179
902526 32.7321993667 -117.1977367167 178
9503 30.2700698333 -97.742486 178
16845 39.7552653789 -104.9910485744 178
19109 37.7539359667 -122.4209198833 178
23361 30.2559858461 -97.7469277382 178
80642 30.3051652167 -97.9344108667 178
683969 59.3424412397 18.0621002038 178
9540 32.7642715944 -117.2266530991 177
10743 30.2795082847 -97.7264785767 177
10284 42.360216703 -71.0548067093 177
12788 38.898047066 -77.0208764076 177
120362 30.3067650667 -97.7445846167 177
23254 40.0775460263 116.586227417 177
647145 55.9273439 -3.2092451 177
75839 45.5317932764 -122.6621818542 177
32080 51.5550212474 -0.1084685326 176
332537 13.4759354049 144.7507256269 176
39695 43.5679259 -116.2207462667 176
201189 44.9680468258 -93.4376478195 175
12019 30.3911084712 -97.7471423149 175
51720 37.7958789833 -122.3937889333 175
351716 41.97859491 -87.910451889 175
82654 59.3181185724 18.0714537721 175
490987 57.6213303667 11.89624975 175
113286 55.6055418673 12.9989826679 174
15544 52.9471898231 -1.145721674 174
1080629 40.0708444833 -83.13023865 174
27205 35.8407077803 -78.6801981926 173
1569506 39.977481 -104.785774 173
81262 30.267801051 -97.7384385467 173
82498 59.3156643494 18.0642622813 173
183363 33.6560308854 -112.3737645149 173
398421 30.1530965149 -97.7870200574 173
11374 37.3237967333 -121.9943976333 172
14700 30.3041660667 -97.72658585 172
221057 40.0180222364 -105.2793323994 172
46253 54.3150087267 10.1318836212 172
21869 48.8583481772 2.2943508625 171
25766 51.5302124831 -0.1238644123 171
27836 40.7425115937 -74.0060305595 171
30209 47.6152910852 -122.203899622 171
35463 33.8127023976 -117.9203340411 171
371345 32.7821359417 -96.7725262069 171
9302 30.2678427492 -97.7367568016 170
24385 37.7625560167 -122.3960515167 170
34263 32.1212143833 -110.93829445 170
35446 30.46415115 -97.8186657333 170
46330 44.9677280171 -93.4372615814 170
148337 13.837208 100.5539911667 170
50033 40.7380878049 -73.6129045486 170
1258459 30.26406425 -97.727310233 170
58946 50.9412989898 6.9581222534 170
69077 59.3319472175 18.0642485619 170
77239 59.3413310644 18.0583584309 170
15198 37.781628727 -122.3939502239 169
17807 51.5080746963 -0.1248729229 169
26622 32.74398995 -97.34105425 169
147717 30.2679539443 -97.7432155609 169
85070 37.7956864865 -122.393682003 169
88941 59.3440390396 18.0547964573 169
23534 30.2698905167 -97.7493256 168
29305 21.2772178845 -157.7867174149 168
33142 37.781272585 -122.399969101 168
338160 38.8983643605 -77.0215201378 168
49215 30.2316497167 -97.8001714167 168
671245 30.2642937052 -97.7391171455 168
671253 30.268505 -97.741427 168
176536 40.687276885 -74.1826701164 168
378986 57.6977723309 11.9892060757 168
91459 37.7763584407 -122.3935156712 168
193036 24.711379147 46.6744065285 168
608698 48.8315177 2.3801023 167
11515 29.4269457228 -98.4375214577 167
49210 37.7608088167 -122.4126717667 167
49246 30.2074430938 -97.8151120222 167
58943 38.862837366 -77.0590120554 167
161889 30.4728499833 -97.7739920167 167
74947 59.3303984968 18.041857481 167
95281 40.7444201864 -73.9872121811 167
413178 35.7124320287 139.7037470341 166
13709 30.2825008873 -97.7755093575 166
125045 30.2932012 -97.8268125667 166
29303 21.2770879168 -157.786449194 166
333260 51.1557033 -0.16061997 166
335817 34.5994701733 -98.3880293369 166
48211 36.1048729454 -115.1747202873 166
249715 33.99155425 -118.4695077667 166
186126 33.3133692716 -111.8740260601 166
87072 59.3217396836 18.074837923 166
95319 40.7750005944 -73.9826095104 166
9467 32.7956702433 -96.8008643389 165
16780 38.9096357437 -77.0434498787 165
326632 39.9732119167 -82.92968975 165
34446 37.8040516333 -122.4028873333 165
169845 45.5152337672 -73.5610198975 165
79093 30.2309282764 -97.817491293 165
87899 30.2515346167 -97.7490263167 165
12904 52.5162041167 13.3775711 164
14810 30.4018524827 -97.7264034748 164
43736 47.4484281177 -122.3022294044 164
944818 42.3886551663 -71.1194050312 164
81590 47.3749884064 8.5386621952 164
93741 44.86386355 -93.3064604667 164
9626 41.2993133 -95.8999586 163
10016 37.0759461787 -93.2272660732 163
16202 37.8079106624 -122.2701179981 163
17696 37.763099645 -122.4109768867 163
325896 37.80802375 -122.31010293 163
243314 40.6956965463 -74.1771554947 163
268908 24.7029214691 46.6785988212 163
284684 59.3151702122 18.0626285076 163
100629 22.2291133601 114.199308157 162
116359 38.8536202057 -77.04408288 162
25281 35.6539947667 -97.4732070333 162
40713 61.174444 -149.996389 162
68485 33.8109246 -117.9189707 162
784266 59.9484185157 10.7685005665 162
1298520 60.789071167 10.6761776 162
1104882 58.8461871833 5.7647588 161
207515 41.7955041641 12.2528457642 161
10682 30.2780628167 -97.7441596833 161
13114 22.308155339 113.9175796509 161
15400 28.4752931276 -81.4675068855 161
26086 37.79054421 -122.40400296 161
41326 52.0699904351 4.3220794201 161
747360 18.3685418869 -66.0655868053 161
52853 30.4539085589 -97.8255003691 161
87660 43.0639027492 -88.0448412895 161
296323 59.9464797974 10.7764587402 161
1201474 55.7072638238 12.5302934647 160
9314 30.26460885 -97.7282381 160
13611 30.2614223833 -97.75902985 160
27463 35.6684166647 139.6504729986 160
40606 37.7720024 -122.4312092833 160
57068 33.6568782667 -101.8232064833 160
60555 55.5960619715 13.0108702183 160
184065 29.7663429868 -95.4003929698 160
89656 59.305127417 18.0901908875 160
696167 30.2667678564 -97.7435803413 160
4998370 30.2676296248 -97.7683210373 160
107984 57.6398016 18.2908483167 159
9193 38.8909284427 -77.0479881763 159
112394 59.332177057 18.0293691158 159
14049 30.5345234448 -97.6931226254 159
15036 30.2454714354 -97.778352499 159
19304 30.3598644333 -97.7380002667 159
119845 33.6407584354 -84.4425272942 159
21196 37.7860374667 -122.4024125 159
21006 51.5055704 -0.0754215 159
23308 37.3924582833 -122.07908565 159
29915 30.2461597167 -97.75651435 159
136510 31.1491549189 121.8009781837 159
49532 51.9566701868 7.6357555389 159
69850 29.5933723894 -98.6154216528 159
75410 65.8183521033 21.7122030258 159
86996 59.3429899333 18.0494992333 159
697858 30.2673145706 -97.7401685715 159
110196 57.6957140065 11.9884443283 158
13582 41.8807929392 -87.6742136478 158
230248 59.3203437772 18.0748915672 158
1568926 32.778131483 -96.75586935 158
97719 59.9303464667 10.71450205 158
302672 35.2224435624 -80.9412235439 157
103944 30.1642283795 -95.4553878307 157
23277 35.7701934779 140.386390686 157
36466 51.47269335 -0.44980965 157
538366 39.3562975333 -83.3978503833 157
48218 30.3614995 -97.7169191 157